48.80941765
1.577487835
81.60589829
34.72722986
4.461450868
19.86963629
80.59873225
83.33091371
28.80794432
0.393051217
29.90661987
70.45028214
90.56667429
13.51833479
87.9263753
95.67819098
35.92913657
16.69621204
44.00686455
39.10956302
8.298339751
42.13093141
77.21076597
94.90218905
75.44111968
60.85623792
32.7767104
17.32580379
9.442064197
34.965618
86.71838162
0.325799271
25.35703989
27.81078456
52.04940672
61.85293221
8.577381068
21.92516209
28.17582455
72.87013795
58.4003878
34.05228686
66.05600138
50.02824308
3.143220251
63.25495211
90.13396972
30.72258361
53.11574203
40.92348229
33.90369016
79.24996037
23.41328972
85.21383698
59.03158357
23.582654
84.0129554
24.51779835
2.650618471
61.92670327
31.2224254
96.6885784
92.40369084
45.67751551
89.81145875
51.315335
92.85180016
40.31391178
33.74273281
9.441137956
58.23433081
8.689682107
31.34561684
53.33470626
26.26679839
76.40618111
87.33959978
88.59341169
93.76276388
38.66476297
43.83278711
8.258363365
71.57228334
80.37907359
36.26978708
55.74376582
93.5639604
21.28473664
15.38860385
88.18867848
63.68300454
68.48136829
77.99126345
35.23391947
47.91900994
25.71177876
22.41789719
37.51263154
97.0436343
59.64358144
43.95912086
24.61359294
64.04381151
75.59090231
62.4653406
3.165998505
38.55442025
2.843455379
49.56711862
17.23899021
87.67949884
87.7183234
50.30299572
53.81525098
95.00904795
25.5872426
25.81979697
54.52168526
56.90403048
98.29827277
23.90882252
59.172948
78.93452776
95.54293724
22.36680709
16.71613546
13.24738801
27.05494582
23.64009158
14.82459608
70.47270467
87.09528825
33.66653471
41.97683745
67.25283195
51.72818336
28.23861119
