48.809 	1.577 	81.606 	34.727 	4.461 	
19.870 	80.599 	83.331 	28.808 	0.393 	
29.907 	70.450 	90.567 	13.518 	87.926 	
95.678 	35.929 	16.696 	44.007 	39.110 	
8.298 	42.131 	77.211 	94.902 	75.441 	
60.856 	32.777 	17.326 	9.442 	34.966 	
86.718 	0.326 	25.357 	27.811 	52.049 	
61.853 	8.577 	21.925 	28.176 	72.870 	
58.400 	34.052 	66.056 	50.028 	3.143 	
63.255 	90.134 	30.723 	53.116 	40.923 	
33.904 	79.250 	23.413 	85.214 	59.032 	
23.583 	84.013 	24.518 	2.651 	61.927 	
31.222 	96.689 	92.404 	45.678 	89.811 	
51.315 	92.852 	40.314 	33.743 	9.441 	
58.234 	8.690 	31.346 	53.335 	26.267 	
76.406 	87.340 	88.593 	93.763 	38.665 	
43.833 	8.258 	71.572 	80.379 	36.270 	
55.744 	93.564 	21.285 	15.389 	88.189 	
63.683 	68.481 	77.991 	35.234 	47.919 	
25.712 	22.418 	37.513 	97.044 	59.644 	

Sum: 4910.543
Average: 49.105
Max: 97.044
Min: 0.326
Range: 96.718
