220
200
283
290
125
87
205
289
286
123
180
179
214
74
87
220
243
260
145
258
134
146
234
163
119
39
28
153
287
28
218
155
54
236
86
154
89
49
266
43
36
147
139
242
110
92
190
274
224
101
49
101
59
296
243
182
176
100
108
228
172
288
128
74
198
38
224
25
116
114
149
184
284
226
199
136
247
51
120
253
91
95
157
217
227
215
88
48
256
95
115
57
194
43
32
116
196
42
257
201
140
244
30
142
264
276
166
195
139
275
119
